77.16048184007654
70.96566182171989
34.95237631441862
93.54597537564018
52.8098520807455
85.1223703674033
85.15895972777088
31.526550724861657
24.61719014185766
41.07836425220859
58.8512083753428
52.21940916613734
59.18641425090201
89.64982230881111
75.26906533973391
40.12195379925316
86.54052704204125
17.288296525580684
4.853892205021415
10.186536744559561
45.95192652656066
94.64962644014521
60.331713926816086
27.628472164041938
3.358702390041146
86.04164171161624
93.57697910134524
93.65612784906664
15.581734248860691
74.00852154858823
71.46630385224334
26.536399907805386
1.0663334917148548
69.94958190060005
24.369880549019108
9.354057235715052
38.40898266934999
7.5671471247893525
60.665018967777016
24.671052042014242
55.84619547959166
91.10831334964398
50.729599523202104
95.73662713576589
75.28002470240469
21.599252489239305
6.272538059988442
25.711797648066394
45.93765064043721
50.791039318387334
5.026415737696799
62.06223357362028
8.467294743304965
76.19914899351733
44.66457573327093
7.048119383981433
99.67326564133171
61.79739965776889
93.99305863602672
23.37205581882046
64.5828753728283
87.31993695627443
52.430368194975294
20.082148762436937
18.354845914503294
84.42837949564708
37.656146297946655
85.45824366948952
36.50341556658881
4.080518608897343
85.08205151264221
65.15370297524345
40.619061876485176
70.69295783084225
33.30719170007755
98.09047376981933
34.35334100602007
23.597712562626505
39.00077824660936
70.51888490646715
95.33509231592728
45.501174940249854
17.586957951012838
76.0776859500244
5.782302121781169
83.29943883191032
75.61278938566541
64.01448517222667
12.931309442345295
56.774341507777805
57.022964653473764
56.844768843649305
84.22959142039164
6.524439774380808
79.85010766579677
45.846009351531144
19.400851975538437
22.84860899838357
52.966637645158556
20.19315231740353
